NACA 4412
   1.0001665   0.0012489
   0.9999194   0.0013175
   0.9991782   0.0015230
   0.9979436   0.0018648
   0.9962168   0.0023418
   0.9939991   0.0029525
   0.9912926   0.0036950
   0.9880996   0.0045670
   0.9844230   0.0055657
   0.9802661   0.0066882
   0.9756325   0.0079309
   0.9705264   0.0092901
   0.9649523   0.0107616
   0.9589153   0.0123410
   0.9524208   0.0140235
   0.9454747   0.0158043
   0.9380833   0.0176780
   0.9302532   0.0196391
   0.9219918   0.0216821
   0.9133067   0.0238010
   0.9042057   0.0259898
   0.8946974   0.0282423
   0.8847907   0.0305524
   0.8744948   0.0329136
   0.8638194   0.0353194
   0.8527745   0.0377634
   0.8413707   0.0402389
   0.8296187   0.0427394
   0.8175299   0.0452582
   0.8051158   0.0477888
   0.7923883   0.0503245
   0.7793598   0.0528588
   0.7660429   0.0553850
   0.7524506   0.0578968
   0.7385962   0.0603876
   0.7244932   0.0628512
   0.7101556   0.0652811
   0.6955975   0.0676711
   0.6808334   0.0700152
   0.6658779   0.0723072
   0.6507460   0.0745412
   0.6354530   0.0767115
   0.6200141   0.0788123
   0.6044449   0.0808380
   0.5887613   0.0827832
   0.5729792   0.0846426
   0.5571147   0.0864112
   0.5411841   0.0880840
   0.5252038   0.0896562
   0.5091902   0.0911233
   0.4931600   0.0924810
   0.4771298   0.0937251
   0.4611164   0.0948519
   0.4451365   0.0958578
   0.4292068   0.0967394
   0.4133443   0.0974937
   0.3975268   0.0981173
   0.3815963   0.0985639
   0.3657812   0.0988080
   0.3500997   0.0988497
   0.3345696   0.0986897
   0.3192088   0.0983294
   0.3040350   0.0977710
   0.2890657   0.0970172
   0.2743182   0.0960715
   0.2598096   0.0949379
   0.2455565   0.0936210
   0.2315755   0.0921263
   0.2178826   0.0904595
   0.2044935   0.0886272
   0.1914235   0.0866363
   0.1786873   0.0844944
   0.1662993   0.0822094
   0.1542734   0.0797898
   0.1426228   0.0772444
   0.1313603   0.0745822
   0.1204982   0.0718127
   0.1100478   0.0689456
   0.1000204   0.0659907
   0.0904262   0.0629579
   0.0812750   0.0598575
   0.0725760   0.0566993
   0.0643376   0.0534934
   0.0565677   0.0502497
   0.0492736   0.0469779
   0.0424618   0.0436876
   0.0361384   0.0403879
   0.0303086   0.0370878
   0.0249773   0.0337957
   0.0201485   0.0305197
   0.0158259   0.0272672
   0.0120123   0.0240453
   0.0087102   0.0208604
   0.0059213   0.0177183
   0.0036470   0.0146240
   0.0018880   0.0115820
   0.0006444   0.0085960
   -0.0000842   0.0056690
   -0.0002985   0.0028032
   0.0000000   0.0000000
   0.0008020   -0.0027025
   0.0020975   -0.0052669
   0.0038837   -0.0076930
   0.0061572   -0.0099811
   0.0089141   -0.0121315
   0.0121500   -0.0141448
   0.0158601   -0.0160218
   0.0200390   -0.0177635
   0.0246812   -0.0193709
   0.0297804   -0.0208455
   0.0353301   -0.0221889
   0.0413235   -0.0234028
   0.0477532   -0.0244894
   0.0546116   -0.0254508
   0.0618909   -0.0262897
   0.0695829   -0.0270088
   0.0776790   -0.0276111
   0.0861705   -0.0281000
   0.0950484   -0.0284790
   0.1043035   -0.0287520
   0.1139265   -0.0289229
   0.1239077   -0.0289964
   0.1342374   -0.0289768
   0.1449056   -0.0288693
   0.1559023   -0.0286790
   0.1672172   -0.0284112
   0.1788400   -0.0280717
   0.1907601   -0.0276663
   0.2029669   -0.0272012
   0.2154496   -0.0266826
   0.2281973   -0.0261169
   0.2411990   -0.0255108
   0.2544435   -0.0248710
   0.2679193   -0.0242043
   0.2816152   -0.0235176
   0.2955193   -0.0228177
   0.3096199   -0.0221116
   0.3239050   -0.0214061
   0.3383625   -0.0207079
   0.3529800   -0.0200239
   0.3677450   -0.0193604
   0.3826448   -0.0187238
   0.3976665   -0.0181201
   0.4130075   -0.0175323
   0.4284783   -0.0169242
   0.4440253   -0.0162994
   0.4596337   -0.0156619
   0.4752883   -0.0150158
   0.4909740   -0.0143646
   0.5066757   -0.0137121
   0.5223781   -0.0130616
   0.5380658   -0.0124162
   0.5537235   -0.0117790
   0.5693356   -0.0111526
   0.5848869   -0.0105395
   0.6003618   -0.0099418
   0.6157449   -0.0093615
   0.6310209   -0.0088003
   0.6461743   -0.0082596
   0.6611901   -0.0077406
   0.6760529   -0.0072442
   0.6907476   -0.0067711
   0.7052594   -0.0063219
   0.7195734   -0.0058968
   0.7336749   -0.0054959
   0.7475494   -0.0051190
   0.7611825   -0.0047660
   0.7745603   -0.0044363
   0.7876686   -0.0041294
   0.8004939   -0.0038447
   0.8130228   -0.0035814
   0.8252420   -0.0033387
   0.8371387   -0.0031155
   0.8487004   -0.0029110
   0.8599147   -0.0027241
   0.8707697   -0.0025539
   0.8812537   -0.0023992
   0.8913557   -0.0022591
   0.9010645   -0.0021325
   0.9103699   -0.0020184
   0.9192617   -0.0019159
   0.9277302   -0.0018241
   0.9357661   -0.0017420
   0.9433608   -0.0016689
   0.9505057   -0.0016039
   0.9571931   -0.0015464
   0.9634156   -0.0014957
   0.9691662   -0.0014511
   0.9744386   -0.0014122
   0.9792269   -0.0013784
   0.9835257   -0.0013493
   0.9873302   -0.0013245
   0.9906361   -0.0013036
   0.9934398   -0.0012864
   0.9957381   -0.0012727
   0.9975283   -0.0012622
   0.9988085   -0.0012548
   0.9995771   -0.0012504
   0.9998335   -0.0012489
